0 1
0 4
0 5
1 2
1 3
1 4
1 5
2 3
2 4
2 5
2 6
2 96
3 4
3 5
3 6
3 7
4 5
4 6
4 7
4 8
5 6
5 7
5 8
5 9
6 7
6 8
6 9
6 10
6 100
7 8
7 9
7 10
7 11
7 28
8 9
8 10
8 11
9 10
9 11
9 144
10 11
10 12
10 28
10 29
11 12
11 13
11 28
12 13
12 14
12 27
12 28
13 14
13 15
13 26
13 27
13 28
14 15
14 16
14 26
14 27
14 56
14 57
14 58
15 16
15 17
15 26
15 55
15 56
15 57
16 17
16 24
16 25
16 26
16 55
16 56
17 18
17 19
17 24
17 25
17 26
18 19
18 20
18 22
18 23
18 24
18 25
19 20
19 21
19 22
19 23
19 24
19 25
20 21
20 22
21 22
21 23
22 23
22 24
23 24
23 25
23 33
23 34
24 25
24 31
24 32
24 33
24 34
24 41
25 26
25 29
25 30
25 31
25 32
26 27
26 28
26 29
26 30
26 31
27 28
27 29
27 30
27 62
28 29
28 30
28 62
28 66
29 30
29 31
30 31
30 32
31 32
31 33
32 33
32 41
32 44
32 45
33 34
33 35
33 41
34 35
34 36
35 36
35 37
35 40
36 37
36 38
37 38
37 39
37 40
37 41
38 39
38 40
38 41
38 42
39 40
39 41
39 42
39 43
40 41
40 42
40 43
40 44
41 42
41 43
41 44
41 45
42 43
42 44
42 45
42 46
42 54
42 55
43 44
43 45
43 46
43 47
44 45
44 46
44 47
44 48
45 46
45 47
45 48
45 49
46 47
46 48
46 49
46 50
46 51
46 52
46 53
47 48
47 49
47 50
48 49
48 50
49 50
49 51
50 51
51 52
51 53
52 53
52 54
53 54
53 55
53 56
53 57
54 55
54 56
55 56
55 57
56 57
57 58
57 59
57 61
57 62
58 59
58 60
58 61
58 62
59 60
59 61
59 62
59 63
60 61
60 62
60 63
60 64
61 62
61 63
61 64
61 65
62 63
62 64
62 65
62 66
63 64
63 65
63 66
63 67
64 65
64 66
64 67
64 68
65 66
65 67
65 68
65 69
66 67
66 68
66 69
66 70
67 68
67 69
67 70
67 71
68 69
68 70
68 71
68 72
69 70
69 71
69 72
69 73
70 71
70 72
70 73
70 74
70 103
71 72
71 73
71 74
71 75
72 73
72 74
72 75
72 76
73 74
73 75
73 76
73 77
73 99
73 102
73 103
74 75
74 76
74 77
74 78
74 99
75 76
75 77
75 78
75 79
76 77
76 78
76 79
76 80
76 107
77 78
77 79
77 80
77 83
77 84
77 107
78 79
78 80
78 84
79 80
79 81
79 84
80 81
80 82
80 83
80 84
81 82
81 83
81 84
82 83
82 84
82 85
82 111
83 84
83 85
83 86
83 87
83 111
84 85
84 86
84 87
84 88
85 86
85 87
85 88
85 89
86 87
86 88
86 89
86 90
86 117
86 121
87 88
87 89
87 90
87 95
88 89
88 90
89 90
89 91
89 121
90 91
90 92
90 94
90 95
91 92
91 93
91 94
91 95
92 93
92 94
92 95
92 96
93 94
93 95
93 96
93 97
93 155
93 156
94 95
94 96
94 97
94 98
94 151
94 152
94 155
95 96
95 97
95 98
95 99
96 97
96 98
96 99
96 100
97 98
97 99
97 100
97 101
97 148
97 151
97 152
98 99
98 100
98 101
98 102
99 100
99 101
99 102
99 103
100 101
100 102
100 103
100 104
101 102
101 103
101 104
101 105
101 110
102 103
102 104
102 105
102 106
102 107
102 110
103 104
103 105
103 106
104 105
104 106
105 106
105 107
105 109
105 110
106 107
106 108
106 109
106 110
107 108
107 109
107 110
107 111
108 109
108 110
108 111
108 112
109 110
109 111
109 112
110 111
110 112
110 113
111 112
111 113
111 114
112 113
112 114
113 114
113 115
113 116
113 117
114 115
114 116
114 117
114 118
115 116
115 117
115 118
115 119
116 117
116 118
116 119
116 120
116 128
116 131
116 132
117 118
117 119
117 120
117 121
118 119
118 120
118 121
118 122
119 120
119 121
119 122
119 123
119 124
119 127
119 128
120 121
120 122
120 123
120 124
120 125
120 128
121 122
121 123
122 123
122 124
123 124
123 125
124 125
124 126
124 127
124 128
125 126
125 127
125 128
125 129
125 152
125 153
126 127
126 128
126 129
126 130
126 153
127 128
127 129
127 130
127 131
128 129
128 130
128 131
128 132
129 130
129 131
129 132
129 133
129 149
129 153
130 131
130 132
130 133
131 132
131 133
131 134
132 133
132 134
132 135
133 134
133 135
133 138
134 135
134 138
135 136
135 137
135 138
135 139
136 137
136 138
136 139
136 140
137 138
137 139
137 140
137 141
137 145
138 139
138 140
138 141
138 142
138 145
139 140
139 141
139 142
140 141
140 142
141 142
141 143
141 144
141 145
142 143
142 144
142 145
142 146
143 144
143 145
143 146
143 147
144 145
144 146
144 147
144 148
145 146
145 147
145 148
145 149
146 147
146 148
146 149
146 150
147 148
147 149
147 150
147 151
147 159
148 149
148 150
148 151
148 152
149 150
149 151
149 152
149 153
150 151
150 152
150 153
150 154
150 159
151 152
151 153
151 154
151 155
151 156
151 157
151 159
152 153
152 154
152 155
153 154
153 155
154 155
154 156
155 156
156 157
156 158
157 158
157 159
157 160
157 161
158 159
158 160
158 161
159 160
159 161
159 162
160 161
160 162
160 163
161 162
161 163
162 163
