704 2851
0 1
0 2
0 3
0 4
1 2
1 5
1 4
2 5
2 6
2 4
3 9
3 260
3 4
3 261
4 5
4 9
4 260
4 261
5 6
5 7
5 8
5 9
6 7
6 8
7 8
7 10
7 11
7 12
7 13
7 14
8 10
8 11
8 12
8 15
8 13
9 252
9 255
9 260
9 261
9 256
9 257
9 13
9 14
10 11
10 12
10 15
11 12
11 15
12 15
12 16
12 17
12 13
12 14
13 252
13 255
13 26
13 254
13 14
14 249
14 252
14 255
14 256
14 254
14 250
14 251
15 16
15 17
15 18
15 19
16 17
16 18
16 20
16 21
16 19
16 22
16 23
17 18
17 20
17 23
18 20
18 24
18 25
18 21
18 26
19 21
19 227
19 81
19 228
19 229
19 22
20 24
20 25
20 21
20 27
20 28
20 29
21 24
21 25
21 27
21 28
21 32
21 33
21 22
22 33
22 81
22 228
22 229
22 23
22 230
23 230
23 231
23 88
23 89
24 25
24 27
24 28
24 30
24 29
24 31
25 27
25 28
26 300
26 304
26 254
27 28
27 34
27 35
27 32
27 33
27 29
28 34
28 35
28 32
28 30
28 29
29 34
29 36
29 45
29 41
29 30
29 31
29 295
30 34
30 36
30 39
30 58
30 41
30 31
31 45
31 41
31 295
32 40
32 35
32 33
32 78
32 76
32 77
32 79
33 35
33 78
33 80
33 77
33 79
33 81
34 36
34 37
34 38
34 39
34 40
34 35
34 41
35 36
35 38
35 54
35 40
35 74
35 76
35 77
36 37
36 42
36 43
36 38
36 44
36 39
36 45
36 46
36 47
36 41
37 42
37 43
37 38
37 48
37 45
37 46
38 42
38 43
38 44
38 39
38 54
38 40
38 46
38 47
39 44
39 55
39 57
39 54
39 40
39 47
39 58
40 44
40 55
40 57
40 54
40 74
40 75
40 76
41 45
41 46
41 47
41 297
41 58
42 43
42 49
42 50
42 51
42 48
42 45
42 46
43 44
43 52
43 46
43 47
43 53
44 55
44 56
44 57
44 54
44 47
45 290
45 48
45 46
45 47
45 295
45 291
45 292
46 48
46 47
46 53
46 296
47 53
47 296
47 297
47 58
48 287
48 50
48 51
48 290
48 295
48 291
48 292
48 289
49 87
49 92
49 99
49 100
49 52
49 211
49 104
49 98
50 283
50 225
50 286
50 287
50 51
50 290
50 292
50 289
51 225
51 286
51 287
51 290
52 99
52 72
52 210
52 211
52 104
53 296
53 217
53 297
54 55
54 57
54 73
54 74
54 75
55 59
55 60
55 56
55 57
56 59
56 60
56 62
56 57
57 59
57 62
57 72
58 298
58 299
58 297
59 60
59 61
59 62
60 63
60 64
60 61
60 62
60 65
60 66
60 67
61 63
61 64
61 69
61 70
61 62
62 63
62 70
63 64
63 68
63 69
63 70
63 65
63 67
64 68
64 69
64 70
64 71
64 65
64 67
65 71
65 202
65 204
65 66
65 67
66 204
66 67
66 194
67 194
67 193
68 69
68 70
68 71
69 70
71 195
71 198
71 200
71 201
71 202
71 204
72 193
72 73
72 134
72 135
72 136
72 210
73 183
73 188
73 194
73 193
73 190
73 137
73 134
73 85
73 74
73 75
74 183
74 190
74 84
74 85
74 75
74 76
74 77
75 183
75 189
75 194
75 193
75 85
75 76
75 77
76 77
76 79
77 78
77 180
77 183
77 85
77 79
77 186
78 80
78 82
78 83
78 84
78 85
79 180
79 186
79 227
79 81
80 82
80 86
80 87
80 83
80 84
80 85
80 88
80 89
81 186
81 227
81 228
81 229
82 86
82 87
82 90
82 83
82 84
82 88
82 89
82 91
83 86
83 87
83 205
83 184
83 206
83 96
83 90
83 84
83 85
84 87
84 92
84 190
84 205
84 184
84 90
84 85
85 183
85 190
85 205
86 87
86 92
86 93
86 94
86 95
86 96
86 90
86 91
86 97
87 92
87 98
87 93
87 94
87 90
88 230
88 288
88 289
88 89
88 91
89 230
89 231
89 232
89 240
89 288
89 289
89 91
89 97
90 92
90 205
90 184
90 206
90 207
90 94
90 95
90 96
91 230
91 231
91 97
91 285
91 234
92 99
92 100
92 98
92 93
92 94
93 98
93 223
93 224
93 94
93 225
94 223
94 224
94 226
94 95
94 96
95 223
95 224
95 226
95 96
95 97
96 206
96 207
96 208
97 281
97 283
97 285
97 234
98 99
98 100
98 104
98 223
99 100
99 101
99 102
99 103
99 104
100 101
100 105
100 102
100 103
100 104
101 105
101 106
101 107
101 102
101 108
101 103
101 104
102 110
102 111
102 116
102 112
102 115
102 117
102 118
103 105
103 211
103 212
103 213
103 133
103 108
103 104
104 211
104 212
104 213
105 106
105 107
105 108
106 107
107 109
107 110
108 212
108 213
108 216
108 132
108 133
109 110
109 111
110 111
110 112
110 113
110 114
110 115
111 116
111 112
111 115
112 116
112 119
112 121
112 114
112 115
112 117
112 118
113 122
113 126
113 127
113 128
113 131
113 114
114 119
114 121
114 122
114 128
114 131
114 115
115 116
115 119
115 121
115 122
115 117
115 118
116 119
116 117
116 118
116 120
117 119
117 121
117 118
117 134
117 135
117 136
118 119
118 121
118 123
118 124
118 120
118 137
118 134
118 135
118 136
119 121
119 122
119 123
119 124
120 139
120 149
120 150
120 190
120 205
120 184
120 153
120 151
120 137
120 134
121 122
121 125
121 123
121 124
122 125
122 126
122 127
122 128
123 124
123 138
123 139
123 137
123 134
123 135
124 138
124 140
125 129
125 130
125 126
126 129
126 130
126 127
126 128
127 130
127 128
127 131
128 131
129 130
131 132
131 133
132 133
134 193
134 190
134 137
134 135
134 136
135 193
135 137
135 136
136 210
137 139
137 149
137 188
137 193
137 190
137 205
137 151
138 140
138 141
138 142
139 142
139 147
139 149
139 150
139 151
140 141
140 143
140 142
140 144
141 143
141 142
141 145
141 146
142 143
142 147
143 147
143 145
143 146
143 148
144 145
144 146
144 199
145 146
145 203
145 199
145 196
146 535
146 536
146 537
146 203
146 199
147 149
147 150
148 588
148 584
148 166
148 167
148 393
148 541
149 150
149 152
149 153
149 151
150 152
150 154
150 155
150 156
150 153
150 151
151 152
151 182
151 190
151 205
151 184
151 206
151 158
151 153
152 154
152 157
152 155
152 156
152 158
152 153
153 154
153 184
153 206
153 209
153 158
154 157
154 155
154 156
154 159
154 160
154 158
155 157
155 156
155 159
155 161
155 162
156 157
156 159
156 161
156 162
156 163
157 159
157 161
158 206
158 207
158 208
158 209
159 161
159 162
159 163
159 164
159 165
160 177
160 179
160 181
160 180
160 178
160 182
161 162
161 163
161 164
162 163
162 164
162 166
162 167
163 164
163 168
163 169
163 170
163 165
163 171
163 172
164 168
164 169
164 165
165 169
165 173
165 175
165 170
165 176
165 177
166 172
166 174
166 582
166 585
166 588
166 584
166 167
167 588
167 584
167 393
168 169
168 173
168 172
168 174
169 173
169 175
169 170
169 171
169 172
170 173
170 175
170 176
170 177
170 178
171 577
171 578
171 172
171 174
171 581
172 577
172 578
172 174
172 582
172 583
172 584
173 175
173 176
174 582
174 585
174 586
174 587
174 583
174 579
174 584
175 176
175 177
176 177
176 179
177 179
177 180
177 178
178 179
178 181
178 180
178 182
178 183
178 185
178 187
179 181
179 180
180 181
180 182
180 183
180 185
180 186
181 182
181 183
181 184
182 183
182 185
182 187
182 188
182 184
183 185
183 187
183 188
183 189
183 190
184 190
184 205
184 206
184 207
185 187
185 188
185 189
185 191
186 227
187 188
187 189
187 191
188 189
188 191
188 192
188 193
188 190
189 191
189 192
189 194
189 193
190 193
190 205
191 192
191 195
191 196
191 197
192 195
192 198
192 199
192 196
192 197
193 194
195 198
195 200
195 201
195 202
195 199
195 196
195 197
196 537
196 203
196 199
196 197
196 577
197 577
197 578
197 576
198 200
198 201
198 199
199 200
199 201
199 537
199 203
200 201
201 202
201 203
202 204
203 535
203 540
203 537
205 206
206 207
206 208
206 209
207 208
207 209
208 209
210 211
211 212
211 213
212 213
212 214
213 214
213 215
213 216
213 217
213 218
213 219
214 215
214 220
214 221
214 216
214 218
214 219
214 222
215 220
215 221
215 216
215 218
216 220
216 221
217 296
217 218
217 219
218 296
218 219
218 222
219 296
219 222
220 221
223 224
223 226
224 226
225 281
225 278
225 279
225 283
225 286
225 287
227 228
227 229
228 229
230 231
230 232
231 232
231 233
231 234
231 235
231 236
232 233
232 237
232 238
232 239
232 240
232 234
232 235
232 236
233 237
233 241
233 242
233 238
233 239
233 240
233 235
233 236
234 285
234 235
235 237
235 285
235 236
236 237
237 241
237 242
237 243
237 238
237 239
238 241
238 242
238 248
238 253
238 284
238 301
238 243
238 239
238 240
239 242
239 248
239 249
239 294
239 253
239 284
239 243
239 240
240 283
240 293
240 294
240 253
240 288
241 242
241 244
241 245
241 246
241 247
241 243
242 248
242 249
242 250
242 251
242 244
242 245
242 246
242 243
243 248
243 253
243 284
243 301
243 282
243 245
243 246
243 247
244 248
244 250
244 251
244 245
244 246
245 248
245 251
245 246
245 247
246 247
247 301
247 282
247 302
248 249
248 252
248 253
248 250
248 251
249 252
249 253
249 254
249 250
249 251
250 252
250 256
250 251
251 252
251 256
252 255
252 256
252 257
252 258
252 259
252 254
253 294
253 284
253 301
253 272
253 268
253 269
254 255
254 304
255 260
255 256
255 257
255 258
255 259
256 260
256 261
256 257
256 258
257 260
257 261
257 258
257 259
258 259
258 262
259 262
259 263
259 264
260 261
262 263
262 264
263 264
263 265
264 266
264 267
264 268
264 269
264 265
265 266
265 291
265 292
265 293
265 294
265 268
265 269
265 300
265 304
266 267
266 270
266 268
266 269
267 270
267 271
267 272
267 268
267 269
268 270
268 294
268 284
268 271
268 272
268 269
269 287
269 291
269 293
269 294
269 272
270 273
270 274
270 271
270 272
271 273
271 274
271 284
271 301
271 303
271 276
271 272
272 273
272 274
272 279
272 294
272 284
272 301
272 276
273 274
273 275
273 276
274 275
274 277
274 278
274 279
274 276
275 277
275 278
275 276
276 277
276 301
276 282
276 302
276 303
277 280
277 281
277 278
277 279
277 282
278 280
278 281
278 279
278 283
278 286
279 280
279 281
279 283
279 286
279 287
279 284
280 281
280 283
280 284
280 285
281 283
281 285
282 284
282 301
282 302
282 303
283 286
283 287
283 288
283 289
284 294
284 301
286 287
286 290
287 290
287 291
287 292
287 293
287 294
287 288
287 289
288 292
288 293
288 294
288 289
289 292
289 293
290 291
291 295
291 292
291 293
291 300
292 295
292 293
292 300
293 294
293 300
295 300
297 298
297 299
298 299
300 304
301 302
301 303
302 303
305 306
305 307
305 308
306 307
306 309
306 310
306 311
306 312
306 313
307 309
307 314
307 310
307 311
307 313
308 413
308 414
308 412
308 313
308 415
308 416
309 314
309 315
309 316
309 317
309 310
309 311
309 313
309 318
309 319
310 314
310 316
310 317
310 311
310 312
310 358
310 357
310 355
311 317
311 312
311 357
312 358
312 359
312 357
313 374
313 364
313 412
313 318
313 319
313 418
313 417
314 315
314 320
314 316
314 317
314 319
314 321
315 320
315 322
315 323
315 324
315 316
315 317
315 319
315 321
315 325
316 320
316 326
316 324
316 317
316 355
316 354
316 352
316 356
316 319
317 324
317 357
317 355
317 354
318 379
318 356
318 374
318 364
318 412
318 319
318 321
318 419
318 418
319 379
319 356
319 374
319 321
319 325
320 322
320 323
320 326
320 324
320 327
321 379
321 325
321 420
322 323
322 328
322 329
322 326
322 327
323 328
323 329
323 325
323 327
323 330
324 348
324 326
324 354
324 352
324 353
325 387
325 384
325 379
325 327
325 330
325 420
326 347
326 348
326 352
326 353
326 351
327 328
327 329
327 387
327 384
327 379
327 330
327 332
328 329
328 331
328 330
328 332
329 331
329 333
329 330
329 332
329 334
330 386
330 387
330 384
330 332
330 334
331 333
331 332
331 334
331 335
331 336
332 392
332 386
332 387
332 334
332 335
333 337
333 338
333 339
333 334
333 335
333 336
334 392
334 335
334 336
335 337
335 338
335 392
335 336
335 341
335 421
336 337
336 338
336 341
337 338
337 340
337 339
337 341
338 340
338 339
338 342
338 343
338 344
339 340
339 345
339 347
339 346
339 342
340 345
340 346
340 342
340 343
341 422
341 423
342 345
342 347
342 349
342 350
342 346
342 343
342 344
342 410
343 346
343 344
343 411
343 410
344 411
344 410
344 392
345 347
345 348
345 349
345 350
345 346
346 408
346 349
346 350
347 348
347 351
347 349
347 350
348 352
348 353
348 351
348 349
349 408
349 409
349 403
349 351
349 350
350 408
350 409
350 351
351 409
351 403
351 400
351 352
351 353
352 400
352 401
352 402
352 355
352 354
352 353
353 403
353 400
353 401
353 354
354 401
354 402
354 366
354 357
354 355
355 402
355 366
355 361
355 357
356 367
356 370
356 372
356 375
356 379
356 374
356 364
357 358
357 359
357 366
357 361
358 359
358 360
358 361
359 360
359 362
359 363
359 361
359 364
359 365
360 362
360 363
360 366
360 361
360 365
361 362
361 402
361 366
362 363
362 367
362 368
362 369
362 366
363 367
363 370
363 368
363 369
363 364
363 371
363 365
364 367
364 370
364 374
364 371
364 365
364 412
365 371
365 413
366 402
367 370
367 372
367 373
367 368
367 369
367 374
367 371
368 370
368 376
368 373
368 369
368 398
368 399
369 370
369 376
369 373
369 398
369 399
369 400
369 401
369 402
370 372
370 375
370 376
370 373
370 374
371 374
371 413
371 412
372 375
372 377
372 378
372 376
372 373
372 379
372 374
373 378
373 376
373 398
373 399
373 395
374 379
374 412
375 380
375 381
375 382
375 383
375 377
375 378
375 384
375 379
376 377
376 378
376 398
376 399
376 395
376 396
376 400
377 380
377 382
377 383
377 378
378 380
378 383
378 395
378 396
378 397
379 380
379 387
379 384
380 381
380 385
380 382
380 383
380 386
380 387
380 384
381 385
381 388
381 389
381 390
381 382
381 383
381 386
381 387
381 384
382 389
382 390
382 383
383 390
384 386
384 387
385 388
385 391
385 389
385 392
385 386
385 387
386 388
386 410
386 392
386 387
388 391
388 389
389 391
389 390
390 393
390 394
392 411
392 410
393 595
393 575
393 588
393 584
393 541
393 394
394 538
394 595
394 541
394 545
395 398
395 399
395 396
395 404
395 397
395 403
396 399
396 404
396 405
396 397
397 404
397 405
397 406
397 407
398 399
398 403
398 400
398 401
400 403
400 401
401 403
401 402
403 408
403 409
404 405
405 406
406 407
406 408
406 409
407 408
407 409
408 409
410 411
412 413
412 414
412 417
413 414
415 593
415 591
415 586
415 606
415 605
415 416
415 614
415 604
415 615
416 417
416 593
416 591
416 614
416 616
416 604
416 615
417 589
417 590
417 592
417 419
417 418
417 593
417 591
418 590
418 592
418 596
418 420
418 419
418 593
419 590
419 592
419 596
419 420
420 596
420 601
421 513
421 514
421 515
421 516
421 517
421 477
421 476
422 423
422 424
423 424
423 425
423 426
423 427
423 428
424 425
424 429
424 430
424 426
425 429
425 431
425 430
425 428
426 430
426 427
426 478
426 477
426 476
427 430
427 478
427 479
428 482
428 529
428 530
429 431
429 432
429 433
429 434
429 435
429 430
430 434
430 435
430 477
430 476
430 475
431 432
431 436
431 433
431 434
431 435
432 436
432 437
432 438
432 433
432 434
432 439
433 436
433 441
433 438
433 434
433 475
433 474
433 472
434 438
434 435
434 476
434 475
434 474
435 477
435 476
435 475
436 437
436 440
436 441
436 438
436 439
437 440
437 442
437 443
437 441
437 438
437 444
437 439
437 445
438 443
438 441
438 474
438 472
438 473
439 493
439 444
439 488
439 528
439 526
439 445
440 442
440 446
440 447
440 443
440 441
440 448
440 449
440 450
440 451
441 447
441 443
441 472
441 473
441 470
441 444
442 446
442 452
442 447
442 450
442 451
443 456
443 447
443 472
443 473
443 470
443 471
444 485
444 487
444 489
444 497
444 493
444 488
444 486
444 526
444 445
445 497
445 493
445 526
445 525
446 452
446 453
446 454
446 455
446 456
446 447
447 455
447 456
447 470
447 471
447 468
448 452
448 459
448 460
448 449
448 450
448 648
448 645
448 643
448 644
449 460
449 450
449 451
449 648
449 645
449 647
449 649
450 451
450 534
451 525
451 534
452 453
452 457
452 454
452 458
452 459
452 460
453 457
453 454
453 458
453 461
454 457
454 458
454 461
454 462
454 463
454 464
454 455
454 459
455 458
455 464
455 456
455 468
455 467
455 466
455 465
455 469
456 464
456 470
456 471
456 468
456 467
457 458
457 461
457 462
457 459
458 461
458 462
458 463
458 464
458 465
459 638
459 640
459 460
459 643
459 644
459 641
460 640
460 645
460 643
460 644
460 646
460 647
461 462
461 463
462 463
462 464
463 464
463 466
463 465
464 467
464 466
464 465
465 467
465 466
465 519
465 518
465 469
465 520
466 467
466 519
466 518
466 469
467 503
467 471
467 468
467 518
467 469
468 503
468 504
468 470
468 471
469 519
469 518
469 520
469 521
469 499
470 504
470 505
470 506
470 472
470 473
470 471
471 503
471 504
471 505
471 473
472 506
472 507
472 508
472 474
472 473
472 510
473 504
473 505
473 506
473 507
473 474
474 506
474 507
474 508
474 509
474 476
474 475
474 510
475 508
475 509
475 477
475 476
476 478
476 509
476 512
476 513
476 514
476 477
477 513
477 514
477 517
478 479
478 480
479 480
479 481
479 482
480 481
480 483
480 484
480 482
481 483
481 485
481 486
481 484
481 482
482 486
482 484
482 529
482 530
483 485
483 487
483 488
483 486
483 484
484 488
484 486
484 527
484 528
485 487
485 489
485 488
485 486
486 488
486 527
486 528
486 526
487 489
487 490
487 491
487 492
487 493
487 488
488 493
488 527
488 528
488 526
489 490
489 494
489 495
489 496
489 491
489 492
489 497
489 493
490 494
490 495
490 496
490 491
490 492
490 498
490 497
490 493
491 495
491 496
491 492
491 501
492 496
492 501
492 502
493 498
493 497
493 525
494 495
494 496
494 499
494 500
494 498
494 497
495 496
497 500
497 498
497 525
497 522
498 499
498 500
498 525
498 522
498 523
499 518
499 520
499 521
499 500
500 521
500 522
500 523
500 524
501 502
501 503
501 504
502 503
502 504
503 504
503 505
504 505
504 506
505 506
505 507
506 507
506 508
507 508
507 509
507 510
507 511
508 509
508 512
508 510
509 512
509 513
509 510
509 511
510 683
510 684
510 511
510 685
510 663
510 661
510 660
511 684
511 685
511 686
511 663
512 513
512 514
513 514
513 515
514 515
514 516
514 517
515 516
515 517
516 517
518 519
518 520
518 521
519 520
519 521
520 521
522 525
522 523
522 524
522 533
523 525
523 524
523 533
524 533
526 527
526 528
527 530
527 531
527 532
527 528
528 532
529 530
529 531
530 531
530 532
531 532
533 534
535 536
535 538
535 539
535 540
535 537
535 541
536 538
536 542
536 539
536 540
536 537
536 541
537 539
537 540
537 576
537 573
538 542
538 543
538 544
538 539
538 540
538 541
538 545
538 546
539 542
539 544
539 540
539 573
539 574
539 571
539 575
540 544
540 576
540 573
540 574
541 595
541 575
541 588
541 545
542 543
542 547
542 548
542 544
542 546
543 547
543 549
543 546
544 569
544 548
544 573
544 574
544 571
544 572
545 599
545 594
545 595
545 575
545 546
545 551
546 547
546 599
546 594
546 595
546 551
546 552
547 549
547 550
547 551
547 552
548 567
548 569
548 571
548 572
548 570
549 550
549 553
549 551
549 552
549 554
550 553
550 552
550 554
550 555
551 598
551 599
551 594
551 552
551 554
552 603
552 598
552 599
552 554
552 555
553 556
553 557
553 558
553 554
553 555
553 559
554 603
554 598
554 555
554 559
555 556
555 557
555 563
555 564
555 624
555 623
555 603
555 559
556 557
556 560
556 558
556 559
556 561
557 560
557 558
557 562
557 563
557 564
557 559
557 561
558 560
558 565
558 566
558 562
558 563
559 624
559 561
559 626
560 565
560 562
560 563
560 564
561 626
561 627
562 565
562 618
562 566
562 563
562 564
563 565
563 568
563 566
563 564
563 623
564 624
564 625
564 623
565 567
565 568
565 566
566 567
566 618
566 619
566 570
566 568
567 569
567 570
567 568
568 569
568 618
568 619
568 620
568 572
568 570
569 571
569 572
569 570
570 619
570 620
570 607
570 571
570 572
571 607
571 610
571 611
571 573
571 574
571 572
572 619
572 620
572 607
572 610
573 611
573 613
573 580
573 622
573 576
573 574
574 610
574 611
574 613
574 576
575 585
575 589
575 590
575 594
575 595
575 588
575 584
576 577
576 613
576 580
576 621
576 622
577 578
577 579
577 580
578 579
578 581
578 580
579 587
579 583
579 581
579 612
579 608
579 609
579 611
579 613
579 580
580 611
580 613
580 621
580 622
581 583
581 612
581 608
582 585
582 586
582 587
582 583
582 588
582 584
583 586
583 587
583 612
583 608
583 609
583 606
584 588
585 589
585 590
585 591
585 586
585 587
585 588
586 589
586 591
586 587
586 606
586 605
586 607
587 608
587 609
587 606
587 605
587 607
587 610
587 611
588 589
588 595
589 590
589 592
589 593
589 591
589 594
589 595
590 592
590 596
590 593
590 594
590 595
591 593
591 605
592 596
592 597
592 593
592 598
592 599
592 594
592 595
593 604
594 596
594 598
594 599
594 595
595 599
596 597
596 600
596 601
596 598
596 599
597 600
597 602
597 601
597 603
597 598
597 599
598 600
598 623
598 603
598 599
600 602
600 601
601 602
603 624
603 625
603 623
604 614
604 616
604 615
604 617
604 618
604 619
605 609
605 606
606 608
606 609
606 607
607 619
607 620
607 610
608 612
608 609
608 611
609 612
610 620
610 611
611 613
613 621
613 622
614 616
614 615
615 616
615 617
615 618
615 619
617 618
617 619
618 619
618 620
619 620
621 622
623 624
623 625
624 625
626 627
626 628
627 628
627 629
627 630
628 629
628 631
628 630
628 632
628 633
628 634
629 631
629 635
629 636
629 637
629 630
629 634
630 637
630 632
630 667
630 666
630 665
631 635
631 638
631 637
631 634
631 639
632 637
632 667
632 668
633 671
633 702
633 634
633 703
634 671
634 702
634 703
634 639
635 638
635 640
635 641
635 642
635 636
635 637
636 638
636 642
636 637
636 666
636 665
636 664
637 642
637 666
637 665
638 640
638 641
638 642
639 674
639 671
639 702
639 703
639 700
639 701
640 643
640 644
640 641
640 642
641 643
641 644
641 642
641 664
641 663
641 661
642 644
642 665
642 664
642 663
643 645
643 644
643 661
643 660
643 658
643 662
644 645
644 663
644 661
644 660
645 648
645 660
645 658
645 659
646 680
646 662
646 676
646 701
646 699
646 698
646 647
647 679
647 680
647 698
647 649
648 652
648 655
648 658
648 659
648 656
649 698
650 651
650 652
650 653
650 654
651 652
651 655
651 656
651 657
651 653
651 654
652 655
652 656
652 657
652 653
652 654
653 657
653 654
653 692
653 691
653 693
654 657
654 692
654 691
654 693
655 658
655 659
655 656
655 657
656 681
656 682
656 658
656 659
656 657
657 681
657 659
657 691
658 682
658 683
658 684
658 661
658 660
658 659
659 681
659 682
659 683
660 683
660 684
660 661
661 684
661 663
662 672
662 675
662 677
662 678
662 680
662 676
662 673
662 699
662 698
663 685
663 686
663 665
663 664
664 685
664 686
664 687
664 688
664 666
664 665
665 667
665 685
665 686
665 687
665 688
665 690
665 666
666 687
666 688
666 689
666 690
667 668
667 669
668 669
668 670
668 671
669 670
669 672
669 673
669 674
669 671
670 672
670 675
670 673
670 674
670 671
671 673
671 674
671 702
671 703
671 700
672 675
672 676
672 673
672 674
673 676
673 674
673 700
673 701
673 699
674 676
674 702
674 700
674 701
675 677
675 678
675 676
676 677
676 680
676 700
676 701
676 699
677 678
677 679
677 680
678 679
678 680
679 696
679 697
679 680
679 698
680 697
680 699
680 698
681 682
681 683
682 683
682 684
683 684
685 686
685 687
686 687
686 688
687 688
687 689
687 690
688 689
688 690
689 690
691 692
691 693
691 695
691 694
691 696
692 693
692 694
693 695
693 694
693 696
693 697
694 695
694 696
694 697
695 696
695 697
696 697
698 699
699 700
699 701
700 701
702 703
